Time,W0, X0, Y0, Z0,W1, X1, Y1, Z1,W2, X2, Y2, Z2,W3, X3, Y3, Z3,W4, X4, Y4, Z4,W5, X5, Y5, Z5,W6, X6, Y6, Z6,W7, X7, Y7, Z7,
16-27-40.920,0.966,-0.068,0.040,0.228,0.000,0.000,0.000,0.000,0.000,0.000,0.000,0.000,0.980,-0.031,-0.028,0.188,0.000,0.000,0.000,0.000,0.000,0.000,0.000,0.000,0.000,0.000,0.000,0.000,0.000,0.000,0.000,0.000,
16-27-40.940,0.966,-0.068,0.040,0.227,0.000,0.000,0.000,0.000,0.000,0.000,0.000,0.000,0.980,-0.030,-0.029,0.189,0.000,0.000,0.000,0.000,0.000,0.000,0.000,0.000,0.000,0.000,0.000,0.000,0.000,0.000,0.000,0.000,
16-27-40.959,0.966,-0.067,0.039,0.227,0.000,0.000,0.000,0.000,0.000,0.000,0.000,0.000,0.980,-0.029,-0.030,0.189,0.000,0.000,0.000,0.000,0.000,0.000,0.000,0.000,0.000,0.000,0.000,0.000,0.000,0.000,0.000,0.000,
16-27-40.981,0.966,-0.068,0.038,0.226,0.000,0.000,0.000,0.000,0.000,0.000,0.000,0.000,0.980,-0.029,-0.031,0.189,0.000,0.000,0.000,0.000,0.000,0.000,0.000,0.000,0.000,0.000,0.000,0.000,0.000,0.000,0.000,0.000,
16-27-40.999,0.966,-0.068,0.038,0.225,0.000,0.000,0.000,0.000,0.000,0.000,0.000,0.000,0.980,-0.028,-0.031,0.189,0.000,0.000,0.000,0.000,0.000,0.000,0.000,0.000,0.000,0.000,0.000,0.000,0.000,0.000,0.000,0.000,
16-27-41.018,0.966,-0.068,0.039,0.225,0.000,0.000,0.000,0.000,0.000,0.000,0.000,0.000,0.980,-0.028,-0.032,0.189,0.000,0.000,0.000,0.000,0.000,0.000,0.000,0.000,0.000,0.000,0.000,0.000,0.000,0.000,0.000,0.000,
16-27-41.040,0.966,-0.068,0.040,0.225,0.000,0.000,0.000,0.000,0.000,0.000,0.000,0.000,0.979,-0.027,-0.033,0.190,0.000,0.000,0.000,0.000,0.000,0.000,0.000,0.000,0.000,0.000,0.000,0.000,0.000,0.000,0.000,0.000,
16-27-41.060,0.966,-0.068,0.040,0.225,0.000,0.000,0.000,0.000,0.000,0.000,0.000,0.000,0.979,-0.026,-0.034,0.190,0.000,0.000,0.000,0.000,0.000,0.000,0.000,0.000,0.000,0.000,0.000,0.000,0.000,0.000,0.000,0.000,
16-27-41.080,0.966,-0.068,0.041,0.225,0.000,0.000,0.000,0.000,0.000,0.000,0.000,0.000,0.979,-0.025,-0.035,0.191,0.000,0.000,0.000,0.000,0.000,0.000,0.000,0.000,0.000,0.000,0.000,0.000,0.000,0.000,0.000,0.000,
16-27-41.100,0.966,-0.069,0.041,0.225,0.000,0.000,0.000,0.000,0.000,0.000,0.000,0.000,0.979,-0.024,-0.035,0.192,0.000,0.000,0.000,0.000,0.000,0.000,0.000,0.000,0.000,0.000,0.000,0.000,0.000,0.000,0.000,0.000,
16-27-41.120,0.966,-0.070,0.041,0.224,0.000,0.000,0.000,0.000,0.000,0.000,0.000,0.000,0.979,-0.023,-0.036,0.193,0.000,0.000,0.000,0.000,0.000,0.000,0.000,0.000,0.000,0.000,0.000,0.000,0.000,0.000,0.000,0.000,
16-27-41.140,0.966,-0.071,0.041,0.224,0.000,0.000,0.000,0.000,0.000,0.000,0.000,0.000,0.979,-0.022,-0.036,0.194,0.000,0.000,0.000,0.000,0.000,0.000,0.000,0.000,0.000,0.000,0.000,0.000,0.000,0.000,0.000,0.000,
16-27-41.160,0.967,-0.073,0.040,0.223,0.000,0.000,0.000,0.000,0.000,0.000,0.000,0.000,0.978,-0.022,-0.037,0.195,0.000,0.000,0.000,0.000,0.000,0.000,0.000,0.000,0.000,0.000,0.000,0.000,0.000,0.000,0.000,0.000,
16-27-41.180,0.967,-0.075,0.039,0.222,0.000,0.000,0.000,0.000,0.000,0.000,0.000,0.000,0.978,-0.020,-0.038,0.197,0.000,0.000,0.000,0.000,0.000,0.000,0.000,0.000,0.000,0.000,0.000,0.000,0.000,0.000,0.000,0.000,
16-27-41.200,0.967,-0.076,0.038,0.220,0.000,0.000,0.000,0.000,0.000,0.000,0.000,0.000,0.977,-0.019,-0.039,0.198,0.000,0.000,0.000,0.000,0.000,0.000,0.000,0.000,0.000,0.000,0.000,0.000,0.000,0.000,0.000,0.000,
16-27-41.217,0.968,-0.077,0.036,0.219,0.000,0.000,0.000,0.000,0.000,0.000,0.000,0.000,0.977,-0.020,-0.040,0.200,0.000,0.000,0.000,0.000,0.000,0.000,0.000,0.000,0.000,0.000,0.000,0.000,0.000,0.000,0.000,0.000,
16-27-41.241,0.968,-0.077,0.033,0.218,0.000,0.000,0.000,0.000,0.000,0.000,0.000,0.000,0.977,-0.021,-0.040,0.201,0.000,0.000,0.000,0.000,0.000,0.000,0.000,0.000,0.000,0.000,0.000,0.000,0.000,0.000,0.000,0.000,
16-27-41.261,0.968,-0.079,0.030,0.216,0.000,0.000,0.000,0.000,0.000,0.000,0.000,0.000,0.976,-0.021,-0.042,0.203,0.000,0.000,0.000,0.000,0.000,0.000,0.000,0.000,0.000,0.000,0.000,0.000,0.000,0.000,0.000,0.000,
16-27-41.280,0.968,-0.081,0.028,0.214,0.000,0.000,0.000,0.000,0.000,0.000,0.000,0.000,0.976,-0.021,-0.046,0.205,0.000,0.000,0.000,0.000,0.000,0.000,0.000,0.000,0.000,0.000,0.000,0.000,0.000,0.000,0.000,0.000,
16-27-41.300,0.968,-0.084,0.027,0.212,0.000,0.000,0.000,0.000,0.000,0.000,0.000,0.000,0.976,-0.019,-0.047,0.206,0.000,0.000,0.000,0.000,0.000,0.000,0.000,0.000,0.000,0.000,0.000,0.000,0.000,0.000,0.000,0.000,
16-27-41.320,0.969,-0.087,0.025,0.210,0.000,0.000,0.000,0.000,0.000,0.000,0.000,0.000,0.975,-0.018,-0.048,0.207,0.000,0.000,0.000,0.000,0.000,0.000,0.000,0.000,0.000,0.000,0.000,0.000,0.000,0.000,0.000,0.000,
16-27-41.337,0.969,-0.090,0.024,0.209,0.000,0.000,0.000,0.000,0.000,0.000,0.000,0.000,0.974,-0.015,-0.049,0.210,0.000,0.000,0.000,0.000,0.000,0.000,0.000,0.000,0.000,0.000,0.000,0.000,0.000,0.000,0.000,0.000,
16-27-41.360,0.970,-0.093,0.021,0.206,0.000,0.000,0.000,0.000,0.000,0.000,0.000,0.000,0.974,-0.013,-0.051,0.212,0.000,0.000,0.000,0.000,0.000,0.000,0.000,0.000,0.000,0.000,0.000,0.000,0.000,0.000,0.000,0.000,
16-27-41.380,0.970,-0.094,0.018,0.203,0.000,0.000,0.000,0.000,0.000,0.000,0.000,0.000,0.973,-0.011,-0.053,0.215,0.000,0.000,0.000,0.000,0.000,0.000,0.000,0.000,0.000,0.000,0.000,0.000,0.000,0.000,0.000,0.000,
16-27-41.400,0.971,-0.096,0.014,0.200,0.000,0.000,0.000,0.000,0.000,0.000,0.000,0.000,0.972,-0.010,-0.056,0.218,0.000,0.000,0.000,0.000,0.000,0.000,0.000,0.000,0.000,0.000,0.000,0.000,0.000,0.000,0.000,0.000,
16-27-41.420,0.971,-0.098,0.010,0.197,0.000,0.000,0.000,0.000,0.000,0.000,0.000,0.000,0.971,-0.006,-0.059,0.221,0.000,0.000,0.000,0.000,0.000,0.000,0.000,0.000,0.000,0.000,0.000,0.000,0.000,0.000,0.000,0.000,
16-27-41.440,0.971,-0.100,0.006,0.195,0.000,0.000,0.000,0.000,0.000,0.000,0.000,0.000,0.970,-0.003,-0.062,0.225,0.000,0.000,0.000,0.000,0.000,0.000,0.000,0.000,0.000,0.000,0.000,0.000,0.000,0.000,0.000,0.000,
16-27-41.460,0.972,-0.101,0.002,0.191,0.000,0.000,0.000,0.000,0.000,0.000,0.000,0.000,0.969,0.002,-0.065,0.228,0.000,0.000,0.000,0.000,0.000,0.000,0.000,0.000,0.000,0.000,0.000,0.000,0.000,0.000,0.000,0.000,
16-27-41.480,0.973,-0.102,-0.003,0.187,0.000,0.000,0.000,0.000,0.000,0.000,0.000,0.000,0.968,0.010,-0.068,0.232,0.000,0.000,0.000,0.000,0.000,0.000,0.000,0.000,0.000,0.000,0.000,0.000,0.000,0.000,0.000,0.000,
16-27-41.500,0.973,-0.103,-0.007,0.184,0.000,0.000,0.000,0.000,0.000,0.000,0.000,0.000,0.967,0.020,-0.070,0.236,0.000,0.000,0.000,0.000,0.000,0.000,0.000,0.000,0.000,0.000,0.000,0.000,0.000,0.000,0.000,0.000,
16-27-41.520,0.974,-0.105,-0.012,0.180,0.000,0.000,0.000,0.000,0.000,0.000,0.000,0.000,0.965,0.027,-0.073,0.241,0.000,0.000,0.000,0.000,0.000,0.000,0.000,0.000,0.000,0.000,0.000,0.000,0.000,0.000,0.000,0.000,
16-27-41.540,0.974,-0.105,-0.018,0.176,0.000,0.000,0.000,0.000,0.000,0.000,0.000,0.000,0.964,0.031,-0.078,0.246,0.000,0.000,0.000,0.000,0.000,0.000,0.000,0.000,0.000,0.000,0.000,0.000,0.000,0.000,0.000,0.000,
16-27-41.560,0.975,-0.106,-0.023,0.172,0.000,0.000,0.000,0.000,0.000,0.000,0.000,0.000,0.962,0.036,-0.082,0.251,0.000,0.000,0.000,0.000,0.000,0.000,0.000,0.000,0.000,0.000,0.000,0.000,0.000,0.000,0.000,0.000,
16-27-41.580,0.975,-0.107,-0.028,0.169,0.000,0.000,0.000,0.000,0.000,0.000,0.000,0.000,0.960,0.042,-0.085,0.256,0.000,0.000,0.000,0.000,0.000,0.000,0.000,0.000,0.000,0.000,0.000,0.000,0.000,0.000,0.000,0.000,
16-27-41.600,0.975,-0.108,-0.034,0.165,0.000,0.000,0.000,0.000,0.000,0.000,0.000,0.000,0.958,0.046,-0.090,0.261,0.000,0.000,0.000,0.000,0.000,0.000,0.000,0.000,0.000,0.000,0.000,0.000,0.000,0.000,0.000,0.000,
16-27-41.620,0.976,-0.109,-0.041,0.161,0.000,0.000,0.000,0.000,0.000,0.000,0.000,0.000,0.956,0.050,-0.095,0.266,0.000,0.000,0.000,0.000,0.000,0.000,0.000,0.000,0.000,0.000,0.000,0.000,0.000,0.000,0.000,0.000,
16-27-41.640,0.976,-0.109,-0.047,0.157,0.000,0.000,0.000,0.000,0.000,0.000,0.000,0.000,0.954,0.054,-0.100,0.270,0.000,0.000,0.000,0.000,0.000,0.000,0.000,0.000,0.000,0.000,0.000,0.000,0.000,0.000,0.000,0.000,
16-27-41.660,0.976,-0.110,-0.052,0.154,0.000,0.000,0.000,0.000,0.000,0.000,0.000,0.000,0.952,0.059,-0.106,0.274,0.000,0.000,0.000,0.000,0.000,0.000,0.000,0.000,0.000,0.000,0.000,0.000,0.000,0.000,0.000,0.000,
16-27-41.680,0.976,-0.111,-0.059,0.151,0.000,0.000,0.000,0.000,0.000,0.000,0.000,0.000,0.950,0.062,-0.112,0.278,0.000,0.000,0.000,0.000,0.000,0.000,0.000,0.000,0.000,0.000,0.000,0.000,0.000,0.000,0.000,0.000,
16-27-41.700,0.976,-0.112,-0.065,0.147,0.000,0.000,0.000,0.000,0.000,0.000,0.000,0.000,0.948,0.065,-0.118,0.282,0.000,0.000,0.000,0.000,0.000,0.000,0.000,0.000,0.000,0.000,0.000,0.000,0.000,0.000,0.000,0.000,
16-27-41.719,0.976,-0.113,-0.071,0.143,0.000,0.000,0.000,0.000,0.000,0.000,0.000,0.000,0.946,0.069,-0.124,0.286,0.000,0.000,0.000,0.000,0.000,0.000,0.000,0.000,0.000,0.000,0.000,0.000,0.000,0.000,0.000,0.000,
16-27-41.739,0.976,-0.116,-0.077,0.138,0.000,0.000,0.000,0.000,0.000,0.000,0.000,0.000,0.943,0.072,-0.129,0.290,0.000,0.000,0.000,0.000,0.000,0.000,0.000,0.000,0.000,0.000,0.000,0.000,0.000,0.000,0.000,0.000,
16-27-41.759,0.976,-0.118,-0.083,0.134,0.000,0.000,0.000,0.000,0.000,0.000,0.000,0.000,0.941,0.073,-0.135,0.294,0.000,0.000,0.000,0.000,0.000,0.000,0.000,0.000,0.000,0.000,0.000,0.000,0.000,0.000,0.000,0.000,
16-27-41.779,0.976,-0.119,-0.090,0.130,0.000,0.000,0.000,0.000,0.000,0.000,0.000,0.000,0.939,0.076,-0.141,0.297,0.000,0.000,0.000,0.000,0.000,0.000,0.000,0.000,0.000,0.000,0.000,0.000,0.000,0.000,0.000,0.000,
16-27-41.799,0.976,-0.122,-0.096,0.126,0.000,0.000,0.000,0.000,0.000,0.000,0.000,0.000,0.937,0.079,-0.146,0.300,0.000,0.000,0.000,0.000,0.000,0.000,0.000,0.000,0.000,0.000,0.000,0.000,0.000,0.000,0.000,0.000,
16-27-41.819,0.975,-0.125,-0.103,0.121,0.000,0.000,0.000,0.000,0.000,0.000,0.000,0.000,0.935,0.081,-0.151,0.303,0.000,0.000,0.000,0.000,0.000,0.000,0.000,0.000,0.000,0.000,0.000,0.000,0.000,0.000,0.000,0.000,
16-27-41.839,0.974,-0.128,-0.109,0.117,0.000,0.000,0.000,0.000,0.000,0.000,0.000,0.000,0.933,0.083,-0.156,0.306,0.000,0.000,0.000,0.000,0.000,0.000,0.000,0.000,0.000,0.000,0.000,0.000,0.000,0.000,0.000,0.000,
16-27-41.859,0.974,-0.133,-0.116,0.113,0.000,0.000,0.000,0.000,0.000,0.000,0.000,0.000,0.931,0.086,-0.161,0.309,0.000,0.000,0.000,0.000,0.000,0.000,0.000,0.000,0.000,0.000,0.000,0.000,0.000,0.000,0.000,0.000,
16-27-41.879,0.973,-0.138,-0.122,0.108,0.000,0.000,0.000,0.000,0.000,0.000,0.000,0.000,0.929,0.090,-0.166,0.312,0.000,0.000,0.000,0.000,0.000,0.000,0.000,0.000,0.000,0.000,0.000,0.000,0.000,0.000,0.000,0.000,
16-27-41.899,0.972,-0.142,-0.128,0.103,0.000,0.000,0.000,0.000,0.000,0.000,0.000,0.000,0.927,0.094,-0.171,0.315,0.000,0.000,0.000,0.000,0.000,0.000,0.000,0.000,0.000,0.000,0.000,0.000,0.000,0.000,0.000,0.000,
16-27-41.917,0.971,-0.146,-0.135,0.098,0.000,0.000,0.000,0.000,0.000,0.000,0.000,0.000,0.925,0.096,-0.176,0.318,0.000,0.000,0.000,0.000,0.000,0.000,0.000,0.000,0.000,0.000,0.000,0.000,0.000,0.000,0.000,0.000,
16-27-41.939,0.970,-0.149,-0.141,0.094,0.000,0.000,0.000,0.000,0.000,0.000,0.000,0.000,0.922,0.098,-0.181,0.320,0.000,0.000,0.000,0.000,0.000,0.000,0.000,0.000,0.000,0.000,0.000,0.000,0.000,0.000,0.000,0.000,
16-27-41.959,0.969,-0.152,-0.147,0.090,0.000,0.000,0.000,0.000,0.000,0.000,0.000,0.000,0.920,0.101,-0.186,0.323,0.000,0.000,0.000,0.000,0.000,0.000,0.000,0.000,0.000,0.000,0.000,0.000,0.000,0.000,0.000,0.000,
16-27-41.979,0.968,-0.154,-0.154,0.087,0.000,0.000,0.000,0.000,0.000,0.000,0.000,0.000,0.918,0.105,-0.191,0.326,0.000,0.000,0.000,0.000,0.000,0.000,0.000,0.000,0.000,0.000,0.000,0.000,0.000,0.000,0.000,0.000,
16-27-41.999,0.967,-0.155,-0.160,0.083,0.000,0.000,0.000,0.000,0.000,0.000,0.000,0.000,0.915,0.107,-0.197,0.329,0.000,0.000,0.000,0.000,0.000,0.000,0.000,0.000,0.000,0.000,0.000,0.000,0.000,0.000,0.000,0.000,
16-27-42.019,0.966,-0.156,-0.167,0.080,0.000,0.000,0.000,0.000,0.000,0.000,0.000,0.000,0.913,0.107,-0.204,0.330,0.000,0.000,0.000,0.000,0.000,0.000,0.000,0.000,0.000,0.000,0.000,0.000,0.000,0.000,0.000,0.000,
16-27-42.039,0.965,-0.156,-0.174,0.078,0.000,0.000,0.000,0.000,0.000,0.000,0.000,0.000,0.911,0.105,-0.212,0.331,0.000,0.000,0.000,0.000,0.000,0.000,0.000,0.000,0.000,0.000,0.000,0.000,0.000,0.000,0.000,0.000,
16-27-42.059,0.964,-0.155,-0.181,0.076,0.000,0.000,0.000,0.000,0.000,0.000,0.000,0.000,0.910,0.103,-0.220,0.331,0.000,0.000,0.000,0.000,0.000,0.000,0.000,0.000,0.000,0.000,0.000,0.000,0.000,0.000,0.000,0.000,
16-27-42.079,0.963,-0.155,-0.188,0.074,0.000,0.000,0.000,0.000,0.000,0.000,0.000,0.000,0.908,0.101,-0.228,0.330,0.000,0.000,0.000,0.000,0.000,0.000,0.000,0.000,0.000,0.000,0.000,0.000,0.000,0.000,0.000,0.000,
16-27-42.099,0.961,-0.155,-0.195,0.072,0.000,0.000,0.000,0.000,0.000,0.000,0.000,0.000,0.906,0.101,-0.235,0.330,0.000,0.000,0.000,0.000,0.000,0.000,0.000,0.000,0.000,0.000,0.000,0.000,0.000,0.000,0.000,0.000,
16-27-42.119,0.960,-0.156,-0.201,0.070,0.000,0.000,0.000,0.000,0.000,0.000,0.000,0.000,0.904,0.104,-0.241,0.331,0.000,0.000,0.000,0.000,0.000,0.000,0.000,0.000,0.000,0.000,0.000,0.000,0.000,0.000,0.000,0.000,
16-27-42.139,0.959,-0.154,-0.208,0.068,0.000,0.000,0.000,0.000,0.000,0.000,0.000,0.000,0.902,0.107,-0.248,0.332,0.000,0.000,0.000,0.000,0.000,0.000,0.000,0.000,0.000,0.000,0.000,0.000,0.000,0.000,0.000,0.000,
16-27-42.159,0.958,-0.152,-0.214,0.067,0.000,0.000,0.000,0.000,0.000,0.000,0.000,0.000,0.899,0.108,-0.255,0.333,0.000,0.000,0.000,0.000,0.000,0.000,0.000,0.000,0.000,0.000,0.000,0.000,0.000,0.000,0.000,0.000,
16-27-42.179,0.957,-0.150,-0.220,0.066,0.000,0.000,0.000,0.000,0.000,0.000,0.000,0.000,0.897,0.109,-0.261,0.334,0.000,0.000,0.000,0.000,0.000,0.000,0.000,0.000,0.000,0.000,0.000,0.000,0.000,0.000,0.000,0.000,
16-27-42.201,0.956,-0.149,-0.226,0.064,0.000,0.000,0.000,0.000,0.000,0.000,0.000,0.000,0.894,0.112,-0.267,0.335,0.000,0.000,0.000,0.000,0.000,0.000,0.000,0.000,0.000,0.000,0.000,0.000,0.000,0.000,0.000,0.000,
16-27-42.221,0.955,-0.150,-0.232,0.062,0.000,0.000,0.000,0.000,0.000,0.000,0.000,0.000,0.892,0.117,-0.272,0.337,0.000,0.000,0.000,0.000,0.000,0.000,0.000,0.000,0.000,0.000,0.000,0.000,0.000,0.000,0.000,0.000,
16-27-42.241,0.953,-0.152,-0.237,0.059,0.000,0.000,0.000,0.000,0.000,0.000,0.000,0.000,0.889,0.123,-0.276,0.339,0.000,0.000,0.000,0.000,0.000,0.000,0.000,0.000,0.000,0.000,0.000,0.000,0.000,0.000,0.000,0.000,
16-27-42.261,0.952,-0.152,-0.243,0.057,0.000,0.000,0.000,0.000,0.000,0.000,0.000,0.000,0.885,0.130,-0.280,0.344,0.000,0.000,0.000,0.000,0.000,0.000,0.000,0.000,0.000,0.000,0.000,0.000,0.000,0.000,0.000,0.000,
16-27-42.280,0.951,-0.153,-0.248,0.053,0.000,0.000,0.000,0.000,0.000,0.000,0.000,0.000,0.880,0.139,-0.284,0.349,0.000,0.000,0.000,0.000,0.000,0.000,0.000,0.000,0.000,0.000,0.000,0.000,0.000,0.000,0.000,0.000,
16-27-42.300,0.950,-0.153,-0.253,0.050,0.000,0.000,0.000,0.000,0.000,0.000,0.000,0.000,0.875,0.145,-0.288,0.354,0.000,0.000,0.000,0.000,0.000,0.000,0.000,0.000,0.000,0.000,0.000,0.000,0.000,0.000,0.000,0.000,
16-27-42.320,0.949,-0.151,-0.259,0.046,0.000,0.000,0.000,0.000,0.000,0.000,0.000,0.000,0.871,0.150,-0.294,0.358,0.000,0.000,0.000,0.000,0.000,0.000,0.000,0.000,0.000,0.000,0.000,0.000,0.000,0.000,0.000,0.000,
16-27-42.337,0.948,-0.148,-0.264,0.044,0.000,0.000,0.000,0.000,0.000,0.000,0.000,0.000,0.867,0.153,-0.300,0.362,0.000,0.000,0.000,0.000,0.000,0.000,0.000,0.000,0.000,0.000,0.000,0.000,0.000,0.000,0.000,0.000,
16-27-42.359,0.947,-0.148,-0.268,0.040,0.000,0.000,0.000,0.000,0.000,0.000,0.000,0.000,0.863,0.154,-0.307,0.364,0.000,0.000,0.000,0.000,0.000,0.000,0.000,0.000,0.000,0.000,0.000,0.000,0.000,0.000,0.000,0.000,
16-27-42.379,0.945,-0.149,-0.273,0.037,0.000,0.000,0.000,0.000,0.000,0.000,0.000,0.000,0.860,0.156,-0.313,0.366,0.000,0.000,0.000,0.000,0.000,0.000,0.000,0.000,0.000,0.000,0.000,0.000,0.000,0.000,0.000,0.000,
16-27-42.399,0.944,-0.149,-0.278,0.033,0.000,0.000,0.000,0.000,0.000,0.000,0.000,0.000,0.857,0.158,-0.319,0.368,0.000,0.000,0.000,0.000,0.000,0.000,0.000,0.000,0.000,0.000,0.000,0.000,0.000,0.000,0.000,0.000,
16-27-42.419,0.943,-0.148,-0.281,0.032,0.000,0.000,0.000,0.000,0.000,0.000,0.000,0.000,0.853,0.161,-0.325,0.371,0.000,0.000,0.000,0.000,0.000,0.000,0.000,0.000,0.000,0.000,0.000,0.000,0.000,0.000,0.000,0.000,
16-27-42.439,0.941,-0.147,-0.288,0.026,0.000,0.000,0.000,0.000,0.000,0.000,0.000,0.000,0.848,0.164,-0.330,0.375,0.000,0.000,0.000,0.000,0.000,0.000,0.000,0.000,0.000,0.000,0.000,0.000,0.000,0.000,0.000,0.000,
16-27-42.460,0.940,-0.147,-0.293,0.021,0.000,0.000,0.000,0.000,0.000,0.000,0.000,0.000,0.844,0.163,-0.337,0.378,0.000,0.000,0.000,0.000,0.000,0.000,0.000,0.000,0.000,0.000,0.000,0.000,0.000,0.000,0.000,0.000,
16-27-42.480,0.939,-0.147,-0.298,0.014,0.000,0.000,0.000,0.000,0.000,0.000,0.000,0.000,0.840,0.164,-0.342,0.382,0.000,0.000,0.000,0.000,0.000,0.000,0.000,0.000,0.000,0.000,0.000,0.000,0.000,0.000,0.000,0.000,
16-27-42.500,0.937,-0.146,-0.305,0.007,0.000,0.000,0.000,0.000,0.000,0.000,0.000,0.000,0.834,0.168,-0.348,0.387,0.000,0.000,0.000,0.000,0.000,0.000,0.000,0.000,0.000,0.000,0.000,0.000,0.000,0.000,0.000,0.000,
16-27-42.521,0.935,-0.144,-0.311,0.001,0.000,0.000,0.000,0.000,0.000,0.000,0.000,0.000,0.829,0.171,-0.355,0.392,0.000,0.000,0.000,0.000,0.000,0.000,0.000,0.000,0.000,0.000,0.000,0.000,0.000,0.000,0.000,0.000,
16-27-42.541,0.933,-0.143,-0.318,-0.006,0.000,0.000,0.000,0.000,0.000,0.000,0.000,0.000,0.824,0.173,-0.363,0.394,0.000,0.000,0.000,0.000,0.000,0.000,0.000,0.000,0.000,0.000,0.000,0.000,0.000,0.000,0.000,0.000,
16-27-42.561,0.931,-0.143,-0.324,-0.012,0.000,0.000,0.000,0.000,0.000,0.000,0.000,0.000,0.820,0.173,-0.370,0.397,0.000,0.000,0.000,0.000,0.000,0.000,0.000,0.000,0.000,0.000,0.000,0.000,0.000,0.000,0.000,0.000,
16-27-42.579,0.928,-0.142,-0.332,-0.018,0.000,0.000,0.000,0.000,0.000,0.000,0.000,0.000,0.815,0.173,-0.377,0.399,0.000,0.000,0.000,0.000,0.000,0.000,0.000,0.000,0.000,0.000,0.000,0.000,0.000,0.000,0.000,0.000,
16-27-42.599,0.925,-0.140,-0.339,-0.025,0.000,0.000,0.000,0.000,0.000,0.000,0.000,0.000,0.810,0.173,-0.384,0.402,0.000,0.000,0.000,0.000,0.000,0.000,0.000,0.000,0.000,0.000,0.000,0.000,0.000,0.000,0.000,0.000,
16-27-42.619,0.923,-0.140,-0.346,-0.032,0.000,0.000,0.000,0.000,0.000,0.000,0.000,0.000,0.805,0.174,-0.391,0.405,0.000,0.000,0.000,0.000,0.000,0.000,0.000,0.000,0.000,0.000,0.000,0.000,0.000,0.000,0.000,0.000,
16-27-42.639,0.920,-0.139,-0.352,-0.039,0.000,0.000,0.000,0.000,0.000,0.000,0.000,0.000,0.800,0.176,-0.397,0.409,0.000,0.000,0.000,0.000,0.000,0.000,0.000,0.000,0.000,0.000,0.000,0.000,0.000,0.000,0.000,0.000,
16-27-42.659,0.917,-0.140,-0.358,-0.046,0.000,0.000,0.000,0.000,0.000,0.000,0.000,0.000,0.795,0.177,-0.403,0.412,0.000,0.000,0.000,0.000,0.000,0.000,0.000,0.000,0.000,0.000,0.000,0.000,0.000,0.000,0.000,0.000,
16-27-42.678,0.915,-0.139,-0.365,-0.052,0.000,0.000,0.000,0.000,0.000,0.000,0.000,0.000,0.791,0.177,-0.408,0.415,0.000,0.000,0.000,0.000,0.000,0.000,0.000,0.000,0.000,0.000,0.000,0.000,0.000,0.000,0.000,0.000,
16-27-42.700,0.912,-0.136,-0.371,-0.056,0.000,0.000,0.000,0.000,0.000,0.000,0.000,0.000,0.787,0.178,-0.414,0.417,0.000,0.000,0.000,0.000,0.000,0.000,0.000,0.000,0.000,0.000,0.000,0.000,0.000,0.000,0.000,0.000,
16-27-42.720,0.910,-0.132,-0.378,-0.059,0.000,0.000,0.000,0.000,0.000,0.000,0.000,0.000,0.782,0.178,-0.419,0.420,0.000,0.000,0.000,0.000,0.000,0.000,0.000,0.000,0.000,0.000,0.000,0.000,0.000,0.000,0.000,0.000,
16-27-42.740,0.907,-0.128,-0.386,-0.061,0.000,0.000,0.000,0.000,0.000,0.000,0.000,0.000,0.778,0.178,-0.425,0.422,0.000,0.000,0.000,0.000,0.000,0.000,0.000,0.000,0.000,0.000,0.000,0.000,0.000,0.000,0.000,0.000,
16-27-42.760,0.904,-0.124,-0.393,-0.061,0.000,0.000,0.000,0.000,0.000,0.000,0.000,0.000,0.775,0.178,-0.429,0.424,0.000,0.000,0.000,0.000,0.000,0.000,0.000,0.000,0.000,0.000,0.000,0.000,0.000,0.000,0.000,0.000,
16-27-42.780,0.902,-0.120,-0.400,-0.061,0.000,0.000,0.000,0.000,0.000,0.000,0.000,0.000,0.772,0.179,-0.434,0.424,0.000,0.000,0.000,0.000,0.000,0.000,0.000,0.000,0.000,0.000,0.000,0.000,0.000,0.000,0.000,0.000,
16-27-42.800,0.900,-0.117,-0.406,-0.061,0.000,0.000,0.000,0.000,0.000,0.000,0.000,0.000,0.769,0.179,-0.436,0.426,0.000,0.000,0.000,0.000,0.000,0.000,0.000,0.000,0.000,0.000,0.000,0.000,0.000,0.000,0.000,0.000,
16-27-42.820,0.898,-0.115,-0.411,-0.061,0.000,0.000,0.000,0.000,0.000,0.000,0.000,0.000,0.766,0.181,-0.438,0.429,0.000,0.000,0.000,0.000,0.000,0.000,0.000,0.000,0.000,0.000,0.000,0.000,0.000,0.000,0.000,0.000,
16-27-42.840,0.896,-0.112,-0.416,-0.061,0.000,0.000,0.000,0.000,0.000,0.000,0.000,0.000,0.764,0.182,-0.441,0.431,0.000,0.000,0.000,0.000,0.000,0.000,0.000,0.000,0.000,0.000,0.000,0.000,0.000,0.000,0.000,0.000,
16-27-42.859,0.893,-0.110,-0.421,-0.061,0.000,0.000,0.000,0.000,0.000,0.000,0.000,0.000,0.762,0.182,-0.443,0.432,0.000,0.000,0.000,0.000,0.000,0.000,0.000,0.000,0.000,0.000,0.000,0.000,0.000,0.000,0.000,0.000,
16-27-42.881,0.892,-0.108,-0.426,-0.062,0.000,0.000,0.000,0.000,0.000,0.000,0.000,0.000,0.760,0.182,-0.445,0.433,0.000,0.000,0.000,0.000,0.000,0.000,0.000,0.000,0.000,0.000,0.000,0.000,0.000,0.000,0.000,0.000,
16-27-42.901,0.890,-0.106,-0.430,-0.063,0.000,0.000,0.000,0.000,0.000,0.000,0.000,0.000,0.758,0.183,-0.447,0.434,0.000,0.000,0.000,0.000,0.000,0.000,0.000,0.000,0.000,0.000,0.000,0.000,0.000,0.000,0.000,0.000,
16-27-42.920,0.888,-0.105,-0.434,-0.064,0.000,0.000,0.000,0.000,0.000,0.000,0.000,0.000,0.756,0.184,-0.448,0.436,0.000,0.000,0.000,0.000,0.000,0.000,0.000,0.000,0.000,0.000,0.000,0.000,0.000,0.000,0.000,0.000,
16-27-42.940,0.887,-0.105,-0.436,-0.065,0.000,0.000,0.000,0.000,0.000,0.000,0.000,0.000,0.754,0.185,-0.447,0.439,0.000,0.000,0.000,0.000,0.000,0.000,0.000,0.000,0.000,0.000,0.000,0.000,0.000,0.000,0.000,0.000,
16-27-42.960,0.886,-0.105,-0.438,-0.068,0.000,0.000,0.000,0.000,0.000,0.000,0.000,0.000,0.752,0.187,-0.445,0.444,0.000,0.000,0.000,0.000,0.000,0.000,0.000,0.000,0.000,0.000,0.000,0.000,0.000,0.000,0.000,0.000,
16-27-42.980,0.884,-0.106,-0.439,-0.073,0.000,0.000,0.000,0.000,0.000,0.000,0.000,0.000,0.749,0.190,-0.443,0.449,0.000,0.000,0.000,0.000,0.000,0.000,0.000,0.000,0.000,0.000,0.000,0.000,0.000,0.000,0.000,0.000,
16-27-43.000,0.883,-0.107,-0.441,-0.077,0.000,0.000,0.000,0.000,0.000,0.000,0.000,0.000,0.747,0.193,-0.442,0.453,0.000,0.000,0.000,0.000,0.000,0.000,0.000,0.000,0.000,0.000,0.000,0.000,0.000,0.000,0.000,0.000,
16-27-43.020,0.881,-0.106,-0.444,-0.080,0.000,0.000,0.000,0.000,0.000,0.000,0.000,0.000,0.745,0.193,-0.444,0.454,0.000,0.000,0.000,0.000,0.000,0.000,0.000,0.000,0.000,0.000,0.000,0.000,0.000,0.000,0.000,0.000,
16-27-43.040,0.879,-0.104,-0.449,-0.081,0.000,0.000,0.000,0.000,0.000,0.000,0.000,0.000,0.745,0.190,-0.447,0.454,0.000,0.000,0.000,0.000,0.000,0.000,0.000,0.000,0.000,0.000,0.000,0.000,0.000,0.000,0.000,0.000,
16-27-43.060,0.877,-0.101,-0.453,-0.081,0.000,0.000,0.000,0.000,0.000,0.000,0.000,0.000,0.743,0.186,-0.451,0.454,0.000,0.000,0.000,0.000,0.000,0.000,0.000,0.000,0.000,0.000,0.000,0.000,0.000,0.000,0.000,0.000,
16-27-43.080,0.876,-0.101,-0.456,-0.083,0.000,0.000,0.000,0.000,0.000,0.000,0.000,0.000,0.741,0.185,-0.453,0.455,0.000,0.000,0.000,0.000,0.000,0.000,0.000,0.000,0.000,0.000,0.000,0.000,0.000,0.000,0.000,0.000,
16-27-43.100,0.874,-0.101,-0.459,-0.085,0.000,0.000,0.000,0.000,0.000,0.000,0.000,0.000,0.738,0.186,-0.455,0.457,0.000,0.000,0.000,0.000,0.000,0.000,0.000,0.000,0.000,0.000,0.000,0.000,0.000,0.000,0.000,0.000,
16-27-43.119,0.872,-0.101,-0.462,-0.087,0.000,0.000,0.000,0.000,0.000,0.000,0.000,0.000,0.736,0.185,-0.458,0.458,0.000,0.000,0.000,0.000,0.000,0.000,0.000,0.000,0.000,0.000,0.000,0.000,0.000,0.000,0.000,0.000,
16-27-43.139,0.870,-0.100,-0.466,-0.089,0.000,0.000,0.000,0.000,0.000,0.000,0.000,0.000,0.734,0.183,-0.462,0.457,0.000,0.000,0.000,0.000,0.000,0.000,0.000,0.000,0.000,0.000,0.000,0.000,0.000,0.000,0.000,0.000,
16-27-43.159,0.868,-0.099,-0.469,-0.090,0.000,0.000,0.000,0.000,0.000,0.000,0.000,0.000,0.732,0.181,-0.466,0.458,0.000,0.000,0.000,0.000,0.000,0.000,0.000,0.000,0.000,0.000,0.000,0.000,0.000,0.000,0.000,0.000,
16-27-43.178,0.866,-0.098,-0.473,-0.092,0.000,0.000,0.000,0.000,0.000,0.000,0.000,0.000,0.729,0.180,-0.471,0.459,0.000,0.000,0.000,0.000,0.000,0.000,0.000,0.000,0.000,0.000,0.000,0.000,0.000,0.000,0.000,0.000,
16-27-43.200,0.864,-0.097,-0.477,-0.094,0.000,0.000,0.000,0.000,0.000,0.000,0.000,0.000,0.726,0.179,-0.475,0.460,0.000,0.000,0.000,0.000,0.000,0.000,0.000,0.000,0.000,0.000,0.000,0.000,0.000,0.000,0.000,0.000,
16-27-43.220,0.862,-0.096,-0.480,-0.096,0.000,0.000,0.000,0.000,0.000,0.000,0.000,0.000,0.722,0.177,-0.481,0.459,0.000,0.000,0.000,0.000,0.000,0.000,0.000,0.000,0.000,0.000,0.000,0.000,0.000,0.000,0.000,0.000,
16-27-43.239,0.860,-0.094,-0.483,-0.099,0.000,0.000,0.000,0.000,0.000,0.000,0.000,0.000,0.719,0.176,-0.488,0.459,0.000,0.000,0.000,0.000,0.000,0.000,0.000,0.000,0.000,0.000,0.000,0.000,0.000,0.000,0.000,0.000,
16-27-43.259,0.858,-0.093,-0.486,-0.102,0.000,0.000,0.000,0.000,0.000,0.000,0.000,0.000,0.714,0.173,-0.496,0.458,0.000,0.000,0.000,0.000,0.000,0.000,0.000,0.000,0.000,0.000,0.000,0.000,0.000,0.000,0.000,0.000,
16-27-43.278,0.856,-0.090,-0.490,-0.104,0.000,0.000,0.000,0.000,0.000,0.000,0.000,0.000,0.711,0.169,-0.505,0.456,0.000,0.000,0.000,0.000,0.000,0.000,0.000,0.000,0.000,0.000,0.000,0.000,0.000,0.000,0.000,0.000,
16-27-43.300,0.854,-0.087,-0.494,-0.106,0.000,0.000,0.000,0.000,0.000,0.000,0.000,0.000,0.708,0.167,-0.511,0.454,0.000,0.000,0.000,0.000,0.000,0.000,0.000,0.000,0.000,0.000,0.000,0.000,0.000,0.000,0.000,0.000,
16-27-43.320,0.852,-0.084,-0.498,-0.106,0.000,0.000,0.000,0.000,0.000,0.000,0.000,0.000,0.704,0.167,-0.517,0.453,0.000,0.000,0.000,0.000,0.000,0.000,0.000,0.000,0.000,0.000,0.000,0.000,0.000,0.000,0.000,0.000,
16-27-43.340,0.849,-0.083,-0.502,-0.108,0.000,0.000,0.000,0.000,0.000,0.000,0.000,0.000,0.701,0.167,-0.522,0.453,0.000,0.000,0.000,0.000,0.000,0.000,0.000,0.000,0.000,0.000,0.000,0.000,0.000,0.000,0.000,0.000,
16-27-43.360,0.847,-0.082,-0.505,-0.110,0.000,0.000,0.000,0.000,0.000,0.000,0.000,0.000,0.697,0.166,-0.526,0.454,0.000,0.000,0.000,0.000,0.000,0.000,0.000,0.000,0.000,0.000,0.000,0.000,0.000,0.000,0.000,0.000,
16-27-43.380,0.846,-0.081,-0.507,-0.114,0.000,0.000,0.000,0.000,0.000,0.000,0.000,0.000,0.693,0.163,-0.531,0.455,0.000,0.000,0.000,0.000,0.000,0.000,0.000,0.000,0.000,0.000,0.000,0.000,0.000,0.000,0.000,0.000,
16-27-43.400,0.844,-0.080,-0.509,-0.117,0.000,0.000,0.000,0.000,0.000,0.000,0.000,0.000,0.690,0.161,-0.535,0.456,0.000,0.000,0.000,0.000,0.000,0.000,0.000,0.000,0.000,0.000,0.000,0.000,0.000,0.000,0.000,0.000,
16-27-43.419,0.842,-0.078,-0.511,-0.120,0.000,0.000,0.000,0.000,0.000,0.000,0.000,0.000,0.687,0.161,-0.538,0.457,0.000,0.000,0.000,0.000,0.000,0.000,0.000,0.000,0.000,0.000,0.000,0.000,0.000,0.000,0.000,0.000,
16-27-43.441,0.842,-0.076,-0.512,-0.123,0.000,0.000,0.000,0.000,0.000,0.000,0.000,0.000,0.685,0.161,-0.540,0.458,0.000,0.000,0.000,0.000,0.000,0.000,0.000,0.000,0.000,0.000,0.000,0.000,0.000,0.000,0.000,0.000,
16-27-43.461,0.841,-0.075,-0.513,-0.125,0.000,0.000,0.000,0.000,0.000,0.000,0.000,0.000,0.683,0.160,-0.542,0.459,0.000,0.000,0.000,0.000,0.000,0.000,0.000,0.000,0.000,0.000,0.000,0.000,0.000,0.000,0.000,0.000,
16-27-43.481,0.841,-0.072,-0.514,-0.127,0.000,0.000,0.000,0.000,0.000,0.000,0.000,0.000,0.682,0.158,-0.544,0.458,0.000,0.000,0.000,0.000,0.000,0.000,0.000,0.000,0.000,0.000,0.000,0.000,0.000,0.000,0.000,0.000,
16-27-43.500,0.840,-0.068,-0.514,-0.127,0.000,0.000,0.000,0.000,0.000,0.000,0.000,0.000,0.682,0.158,-0.544,0.458,0.000,0.000,0.000,0.000,0.000,0.000,0.000,0.000,0.000,0.000,0.000,0.000,0.000,0.000,0.000,0.000,
16-27-43.520,0.840,-0.064,-0.516,-0.126,0.000,0.000,0.000,0.000,0.000,0.000,0.000,0.000,0.681,0.158,-0.544,0.459,0.000,0.000,0.000,0.000,0.000,0.000,0.000,0.000,0.000,0.000,0.000,0.000,0.000,0.000,0.000,0.000,
16-27-43.540,0.840,-0.061,-0.516,-0.124,0.000,0.000,0.000,0.000,0.000,0.000,0.000,0.000,0.682,0.157,-0.543,0.459,0.000,0.000,0.000,0.000,0.000,0.000,0.000,0.000,0.000,0.000,0.000,0.000,0.000,0.000,0.000,0.000,
16-27-43.560,0.841,-0.060,-0.515,-0.122,0.000,0.000,0.000,0.000,0.000,0.000,0.000,0.000,0.684,0.157,-0.541,0.459,0.000,0.000,0.000,0.000,0.000,0.000,0.000,0.000,0.000,0.000,0.000,0.000,0.000,0.000,0.000,0.000,
16-27-43.580,0.842,-0.059,-0.514,-0.122,0.000,0.000,0.000,0.000,0.000,0.000,0.000,0.000,0.686,0.157,-0.539,0.459,0.000,0.000,0.000,0.000,0.000,0.000,0.000,0.000,0.000,0.000,0.000,0.000,0.000,0.000,0.000,0.000,
16-27-43.600,0.843,-0.057,-0.512,-0.122,0.000,0.000,0.000,0.000,0.000,0.000,0.000,0.000,0.689,0.157,-0.536,0.458,0.000,0.000,0.000,0.000,0.000,0.000,0.000,0.000,0.000,0.000,0.000,0.000,0.000,0.000,0.000,0.000,
16-27-43.620,0.845,-0.055,-0.510,-0.120,0.000,0.000,0.000,0.000,0.000,0.000,0.000,0.000,0.692,0.155,-0.533,0.457,0.000,0.000,0.000,0.000,0.000,0.000,0.000,0.000,0.000,0.000,0.000,0.000,0.000,0.000,0.000,0.000,
16-27-43.640,0.848,-0.054,-0.507,-0.117,0.000,0.000,0.000,0.000,0.000,0.000,0.000,0.000,0.696,0.154,-0.529,0.455,0.000,0.000,0.000,0.000,0.000,0.000,0.000,0.000,0.000,0.000,0.000,0.000,0.000,0.000,0.000,0.000,
16-27-43.660,0.850,-0.055,-0.503,-0.116,0.000,0.000,0.000,0.000,0.000,0.000,0.000,0.000,0.700,0.155,-0.526,0.454,0.000,0.000,0.000,0.000,0.000,0.000,0.000,0.000,0.000,0.000,0.000,0.000,0.000,0.000,0.000,0.000,
16-27-43.680,0.851,-0.054,-0.501,-0.114,0.000,0.000,0.000,0.000,0.000,0.000,0.000,0.000,0.704,0.155,-0.522,0.452,0.000,0.000,0.000,0.000,0.000,0.000,0.000,0.000,0.000,0.000,0.000,0.000,0.000,0.000,0.000,0.000,
16-27-43.700,0.853,-0.054,-0.498,-0.111,0.000,0.000,0.000,0.000,0.000,0.000,0.000,0.000,0.708,0.155,-0.519,0.448,0.000,0.000,0.000,0.000,0.000,0.000,0.000,0.000,0.000,0.000,0.000,0.000,0.000,0.000,0.000,0.000,
16-27-43.720,0.855,-0.055,-0.495,-0.108,0.000,0.000,0.000,0.000,0.000,0.000,0.000,0.000,0.711,0.154,-0.517,0.446,0.000,0.000,0.000,0.000,0.000,0.000,0.000,0.000,0.000,0.000,0.000,0.000,0.000,0.000,0.000,0.000,
16-27-43.740,0.857,-0.055,-0.494,-0.103,0.000,0.000,0.000,0.000,0.000,0.000,0.000,0.000,0.718,0.154,-0.514,0.439,0.000,0.000,0.000,0.000,0.000,0.000,0.000,0.000,0.000,0.000,0.000,0.000,0.000,0.000,0.000,0.000,
16-27-43.760,0.858,-0.056,-0.492,-0.097,0.000,0.000,0.000,0.000,0.000,0.000,0.000,0.000,0.722,0.155,-0.510,0.436,0.000,0.000,0.000,0.000,0.000,0.000,0.000,0.000,0.000,0.000,0.000,0.000,0.000,0.000,0.000,0.000,
16-27-43.780,0.861,-0.058,-0.489,-0.093,0.000,0.000,0.000,0.000,0.000,0.000,0.000,0.000,0.726,0.157,-0.506,0.433,0.000,0.000,0.000,0.000,0.000,0.000,0.000,0.000,0.000,0.000,0.000,0.000,0.000,0.000,0.000,0.000,
16-27-43.800,0.863,-0.060,-0.486,-0.089,0.000,0.000,0.000,0.000,0.000,0.000,0.000,0.000,0.731,0.160,-0.501,0.430,0.000,0.000,0.000,0.000,0.000,0.000,0.000,0.000,0.000,0.000,0.000,0.000,0.000,0.000,0.000,0.000,
16-27-43.820,0.865,-0.061,-0.483,-0.084,0.000,0.000,0.000,0.000,0.000,0.000,0.000,0.000,0.734,0.165,-0.496,0.429,0.000,0.000,0.000,0.000,0.000,0.000,0.000,0.000,0.000,0.000,0.000,0.000,0.000,0.000,0.000,0.000,
16-27-43.840,0.867,-0.062,-0.479,-0.080,0.000,0.000,0.000,0.000,0.000,0.000,0.000,0.000,0.738,0.169,-0.490,0.428,0.000,0.000,0.000,0.000,0.000,0.000,0.000,0.000,0.000,0.000,0.000,0.000,0.000,0.000,0.000,0.000,
16-27-43.859,0.869,-0.065,-0.475,-0.078,0.000,0.000,0.000,0.000,0.000,0.000,0.000,0.000,0.741,0.172,-0.485,0.426,0.000,0.000,0.000,0.000,0.000,0.000,0.000,0.000,0.000,0.000,0.000,0.000,0.000,0.000,0.000,0.000,
16-27-43.879,0.871,-0.066,-0.471,-0.076,0.000,0.000,0.000,0.000,0.000,0.000,0.000,0.000,0.744,0.176,-0.480,0.425,0.000,0.000,0.000,0.000,0.000,0.000,0.000,0.000,0.000,0.000,0.000,0.000,0.000,0.000,0.000,0.000,
16-27-43.899,0.873,-0.068,-0.468,-0.073,0.000,0.000,0.000,0.000,0.000,0.000,0.000,0.000,0.747,0.181,-0.475,0.424,0.000,0.000,0.000,0.000,0.000,0.000,0.000,0.000,0.000,0.000,0.000,0.000,0.000,0.000,0.000,0.000,
16-27-43.918,0.876,-0.069,-0.464,-0.070,0.000,0.000,0.000,0.000,0.000,0.000,0.000,0.000,0.750,0.185,-0.469,0.423,0.000,0.000,0.000,0.000,0.000,0.000,0.000,0.000,0.000,0.000,0.000,0.000,0.000,0.000,0.000,0.000,
16-27-43.940,0.878,-0.070,-0.460,-0.067,0.000,0.000,0.000,0.000,0.000,0.000,0.000,0.000,0.753,0.189,-0.464,0.421,0.000,0.000,0.000,0.000,0.000,0.000,0.000,0.000,0.000,0.000,0.000,0.000,0.000,0.000,0.000,0.000,
16-27-43.960,0.880,-0.071,-0.456,-0.064,0.000,0.000,0.000,0.000,0.000,0.000,0.000,0.000,0.757,0.191,-0.461,0.418,0.000,0.000,0.000,0.000,0.000,0.000,0.000,0.000,0.000,0.000,0.000,0.000,0.000,0.000,0.000,0.000,
16-27-43.981,0.882,-0.071,-0.454,-0.061,0.000,0.000,0.000,0.000,0.000,0.000,0.000,0.000,0.760,0.192,-0.457,0.416,0.000,0.000,0.000,0.000,0.000,0.000,0.000,0.000,0.000,0.000,0.000,0.000,0.000,0.000,0.000,0.000,
16-27-43.998,0.883,-0.071,-0.450,-0.058,0.000,0.000,0.000,0.000,0.000,0.000,0.000,0.000,0.763,0.193,-0.453,0.413,0.000,0.000,0.000,0.000,0.000,0.000,0.000,0.000,0.000,0.000,0.000,0.000,0.000,0.000,0.000,0.000,
16-27-44.020,0.885,-0.071,-0.447,-0.056,0.000,0.000,0.000,0.000,0.000,0.000,0.000,0.000,0.766,0.194,-0.448,0.412,0.000,0.000,0.000,0.000,0.000,0.000,0.000,0.000,0.000,0.000,0.000,0.000,0.000,0.000,0.000,0.000,
16-27-44.040,0.887,-0.070,-0.444,-0.053,0.000,0.000,0.000,0.000,0.000,0.000,0.000,0.000,0.770,0.194,-0.444,0.411,0.000,0.000,0.000,0.000,0.000,0.000,0.000,0.000,0.000,0.000,0.000,0.000,0.000,0.000,0.000,0.000,
16-27-44.060,0.889,-0.069,-0.440,-0.050,0.000,0.000,0.000,0.000,0.000,0.000,0.000,0.000,0.774,0.192,-0.440,0.409,0.000,0.000,0.000,0.000,0.000,0.000,0.000,0.000,0.000,0.000,0.000,0.000,0.000,0.000,0.000,0.000,
16-27-44.080,0.891,-0.068,-0.436,-0.046,0.000,0.000,0.000,0.000,0.000,0.000,0.000,0.000,0.778,0.189,-0.436,0.406,0.000,0.000,0.000,0.000,0.000,0.000,0.000,0.000,0.000,0.000,0.000,0.000,0.000,0.000,0.000,0.000,
16-27-44.100,0.894,-0.064,-0.432,-0.040,0.000,0.000,0.000,0.000,0.000,0.000,0.000,0.000,0.783,0.185,-0.432,0.403,0.000,0.000,0.000,0.000,0.000,0.000,0.000,0.000,0.000,0.000,0.000,0.000,0.000,0.000,0.000,0.000,
16-27-44.120,0.897,-0.061,-0.427,-0.034,0.000,0.000,0.000,0.000,0.000,0.000,0.000,0.000,0.787,0.184,-0.426,0.402,0.000,0.000,0.000,0.000,0.000,0.000,0.000,0.000,0.000,0.000,0.000,0.000,0.000,0.000,0.000,0.000,
16-27-44.140,0.900,-0.058,-0.422,-0.028,0.000,0.000,0.000,0.000,0.000,0.000,0.000,0.000,0.791,0.180,-0.421,0.399,0.000,0.000,0.000,0.000,0.000,0.000,0.000,0.000,0.000,0.000,0.000,0.000,0.000,0.000,0.000,0.000,
16-27-44.160,0.903,-0.055,-0.417,-0.021,0.000,0.000,0.000,0.000,0.000,0.000,0.000,0.000,0.797,0.174,-0.417,0.396,0.000,0.000,0.000,0.000,0.000,0.000,0.000,0.000,0.000,0.000,0.000,0.000,0.000,0.000,0.000,0.000,
16-27-44.180,0.905,-0.052,-0.411,-0.015,0.000,0.000,0.000,0.000,0.000,0.000,0.000,0.000,0.802,0.166,-0.414,0.391,0.000,0.000,0.000,0.000,0.000,0.000,0.000,0.000,0.000,0.000,0.000,0.000,0.000,0.000,0.000,0.000,
16-27-44.200,0.909,-0.050,-0.404,-0.010,0.000,0.000,0.000,0.000,0.000,0.000,0.000,0.000,0.808,0.158,-0.410,0.387,0.000,0.000,0.000,0.000,0.000,0.000,0.000,0.000,0.000,0.000,0.000,0.000,0.000,0.000,0.000,0.000,
16-27-44.219,0.912,-0.051,-0.397,-0.007,0.000,0.000,0.000,0.000,0.000,0.000,0.000,0.000,0.813,0.153,-0.405,0.383,0.000,0.000,0.000,0.000,0.000,0.000,0.000,0.000,0.000,0.000,0.000,0.000,0.000,0.000,0.000,0.000,
16-27-44.240,0.915,-0.051,-0.389,-0.003,0.000,0.000,0.000,0.000,0.000,0.000,0.000,0.000,0.818,0.151,-0.400,0.381,0.000,0.000,0.000,0.000,0.000,0.000,0.000,0.000,0.000,0.000,0.000,0.000,0.000,0.000,0.000,0.000,
16-27-44.260,0.918,-0.050,-0.382,0.001,0.000,0.000,0.000,0.000,0.000,0.000,0.000,0.000,0.822,0.148,-0.394,0.378,0.000,0.000,0.000,0.000,0.000,0.000,0.000,0.000,0.000,0.000,0.000,0.000,0.000,0.000,0.000,0.000,
16-27-44.280,0.921,-0.049,-0.375,0.007,0.000,0.000,0.000,0.000,0.000,0.000,0.000,0.000,0.827,0.145,-0.388,0.375,0.000,0.000,0.000,0.000,0.000,0.000,0.000,0.000,0.000,0.000,0.000,0.000,0.000,0.000,0.000,0.000,
16-27-44.300,0.924,-0.048,-0.367,0.011,0.000,0.000,0.000,0.000,0.000,0.000,0.000,0.000,0.831,0.143,-0.382,0.372,0.000,0.000,0.000,0.000,0.000,0.000,0.000,0.000,0.000,0.000,0.000,0.000,0.000,0.000,0.000,0.000,
16-27-44.320,0.927,-0.047,-0.360,0.017,0.000,0.000,0.000,0.000,0.000,0.000,0.000,0.000,0.836,0.141,-0.376,0.370,0.000,0.000,0.000,0.000,0.000,0.000,0.000,0.000,0.000,0.000,0.000,0.000,0.000,0.000,0.000,0.000,
16-27-44.340,0.930,-0.046,-0.352,0.023,0.000,0.000,0.000,0.000,0.000,0.000,0.000,0.000,0.840,0.140,-0.369,0.367,0.000,0.000,0.000,0.000,0.000,0.000,0.000,0.000,0.000,0.000,0.000,0.000,0.000,0.000,0.000,0.000,
16-27-44.360,0.933,-0.044,-0.344,0.028,0.000,0.000,0.000,0.000,0.000,0.000,0.000,0.000,0.844,0.139,-0.361,0.365,0.000,0.000,0.000,0.000,0.000,0.000,0.000,0.000,0.000,0.000,0.000,0.000,0.000,0.000,0.000,0.000,
16-27-44.380,0.936,-0.041,-0.336,0.035,0.000,0.000,0.000,0.000,0.000,0.000,0.000,0.000,0.849,0.137,-0.355,0.363,0.000,0.000,0.000,0.000,0.000,0.000,0.000,0.000,0.000,0.000,0.000,0.000,0.000,0.000,0.000,0.000,
16-27-44.400,0.938,-0.037,-0.328,0.042,0.000,0.000,0.000,0.000,0.000,0.000,0.000,0.000,0.854,0.132,-0.349,0.358,0.000,0.000,0.000,0.000,0.000,0.000,0.000,0.000,0.000,0.000,0.000,0.000,0.000,0.000,0.000,0.000,
16-27-44.420,0.941,-0.034,-0.320,0.048,0.000,0.000,0.000,0.000,0.000,0.000,0.000,0.000,0.858,0.126,-0.343,0.354,0.000,0.000,0.000,0.000,0.000,0.000,0.000,0.000,0.000,0.000,0.000,0.000,0.000,0.000,0.000,0.000,
16-27-44.440,0.943,-0.032,-0.313,0.054,0.000,0.000,0.000,0.000,0.000,0.000,0.000,0.000,0.863,0.121,-0.336,0.351,0.000,0.000,0.000,0.000,0.000,0.000,0.000,0.000,0.000,0.000,0.000,0.000,0.000,0.000,0.000,0.000,
16-27-44.460,0.946,-0.027,-0.305,0.059,0.000,0.000,0.000,0.000,0.000,0.000,0.000,0.000,0.867,0.116,-0.330,0.348,0.000,0.000,0.000,0.000,0.000,0.000,0.000,0.000,0.000,0.000,0.000,0.000,0.000,0.000,0.000,0.000,
16-27-44.480,0.948,-0.021,-0.298,0.065,0.000,0.000,0.000,0.000,0.000,0.000,0.000,0.000,0.872,0.109,-0.324,0.344,0.000,0.000,0.000,0.000,0.000,0.000,0.000,0.000,0.000,0.000,0.000,0.000,0.000,0.000,0.000,0.000,
16-27-44.500,0.950,-0.015,-0.291,0.070,0.000,0.000,0.000,0.000,0.000,0.000,0.000,0.000,0.876,0.101,-0.319,0.341,0.000,0.000,0.000,0.000,0.000,0.000,0.000,0.000,0.000,0.000,0.000,0.000,0.000,0.000,0.000,0.000,
16-27-44.520,0.952,-0.009,-0.283,0.074,0.000,0.000,0.000,0.000,0.000,0.000,0.000,0.000,0.880,0.093,-0.313,0.338,0.000,0.000,0.000,0.000,0.000,0.000,0.000,0.000,0.000,0.000,0.000,0.000,0.000,0.000,0.000,0.000,
16-27-44.540,0.953,-0.003,-0.277,0.077,0.000,0.000,0.000,0.000,0.000,0.000,0.000,0.000,0.884,0.084,-0.308,0.336,0.000,0.000,0.000,0.000,0.000,0.000,0.000,0.000,0.000,0.000,0.000,0.000,0.000,0.000,0.000,0.000,
16-27-44.560,0.955,0.008,-0.271,0.082,0.000,0.000,0.000,0.000,0.000,0.000,0.000,0.000,0.888,0.072,-0.302,0.333,0.000,0.000,0.000,0.000,0.000,0.000,0.000,0.000,0.000,0.000,0.000,0.000,0.000,0.000,0.000,0.000,
16-27-44.580,0.956,0.019,-0.264,0.086,0.000,0.000,0.000,0.000,0.000,0.000,0.000,0.000,0.892,0.061,-0.295,0.330,0.000,0.000,0.000,0.000,0.000,0.000,0.000,0.000,0.000,0.000,0.000,0.000,0.000,0.000,0.000,0.000,
16-27-44.600,0.958,0.026,-0.256,0.088,0.000,0.000,0.000,0.000,0.000,0.000,0.000,0.000,0.896,0.051,-0.288,0.328,0.000,0.000,0.000,0.000,0.000,0.000,0.000,0.000,0.000,0.000,0.000,0.000,0.000,0.000,0.000,0.000,
16-27-44.619,0.959,0.034,-0.248,0.091,0.000,0.000,0.000,0.000,0.000,0.000,0.000,0.000,0.900,0.039,-0.281,0.326,0.000,0.000,0.000,0.000,0.000,0.000,0.000,0.000,0.000,0.000,0.000,0.000,0.000,0.000,0.000,0.000,
16-27-44.639,0.961,0.043,-0.240,0.093,0.000,0.000,0.000,0.000,0.000,0.000,0.000,0.000,0.903,0.026,-0.274,0.322,0.000,0.000,0.000,0.000,0.000,0.000,0.000,0.000,0.000,0.000,0.000,0.000,0.000,0.000,0.000,0.000,
16-27-44.659,0.963,0.052,-0.231,0.096,0.000,0.000,0.000,0.000,0.000,0.000,0.000,0.000,0.907,0.014,-0.267,0.320,0.000,0.000,0.000,0.000,0.000,0.000,0.000,0.000,0.000,0.000,0.000,0.000,0.000,0.000,0.000,0.000,
16-27-44.679,0.964,0.060,-0.221,0.097,0.000,0.000,0.000,0.000,0.000,0.000,0.000,0.000,0.910,0.004,-0.258,0.318,0.000,0.000,0.000,0.000,0.000,0.000,0.000,0.000,0.000,0.000,0.000,0.000,0.000,0.000,0.000,0.000,
16-27-44.699,0.966,0.068,-0.210,0.098,0.000,0.000,0.000,0.000,0.000,0.000,0.000,0.000,0.913,-0.005,-0.249,0.316,0.000,0.000,0.000,0.000,0.000,0.000,0.000,0.000,0.000,0.000,0.000,0.000,0.000,0.000,0.000,0.000,
16-27-44.719,0.967,0.079,-0.199,0.100,0.000,0.000,0.000,0.000,0.000,0.000,0.000,0.000,0.916,-0.014,-0.240,0.315,0.000,0.000,0.000,0.000,0.000,0.000,0.000,0.000,0.000,0.000,0.000,0.000,0.000,0.000,0.000,0.000,
16-27-44.737,0.968,0.091,-0.188,0.103,0.000,0.000,0.000,0.000,0.000,0.000,0.000,0.000,0.918,-0.023,-0.231,0.315,0.000,0.000,0.000,0.000,0.000,0.000,0.000,0.000,0.000,0.000,0.000,0.000,0.000,0.000,0.000,0.000,
16-27-44.759,0.969,0.100,-0.175,0.105,0.000,0.000,0.000,0.000,0.000,0.000,0.000,0.000,0.920,-0.032,-0.221,0.315,0.000,0.000,0.000,0.000,0.000,0.000,0.000,0.000,0.000,0.000,0.000,0.000,0.000,0.000,0.000,0.000,
16-27-44.780,0.971,0.106,-0.162,0.105,0.000,0.000,0.000,0.000,0.000,0.000,0.000,0.000,0.922,-0.042,-0.211,0.316,0.000,0.000,0.000,0.000,0.000,0.000,0.000,0.000,0.000,0.000,0.000,0.000,0.000,0.000,0.000,0.000,
16-27-44.799,0.973,0.113,-0.147,0.105,0.000,0.000,0.000,0.000,0.000,0.000,0.000,0.000,0.924,-0.052,-0.199,0.316,0.000,0.000,0.000,0.000,0.000,0.000,0.000,0.000,0.000,0.000,0.000,0.000,0.000,0.000,0.000,0.000,
16-27-44.819,0.974,0.119,-0.131,0.104,0.000,0.000,0.000,0.000,0.000,0.000,0.000,0.000,0.926,-0.064,-0.188,0.315,0.000,0.000,0.000,0.000,0.000,0.000,0.000,0.000,0.000,0.000,0.000,0.000,0.000,0.000,0.000,0.000,
16-27-44.839,0.976,0.125,-0.116,0.103,0.000,0.000,0.000,0.000,0.000,0.000,0.000,0.000,0.927,-0.076,-0.176,0.316,0.000,0.000,0.000,0.000,0.000,0.000,0.000,0.000,0.000,0.000,0.000,0.000,0.000,0.000,0.000,0.000,
16-27-44.859,0.977,0.128,-0.101,0.101,0.000,0.000,0.000,0.000,0.000,0.000,0.000,0.000,0.928,-0.089,-0.165,0.317,0.000,0.000,0.000,0.000,0.000,0.000,0.000,0.000,0.000,0.000,0.000,0.000,0.000,0.000,0.000,0.000,
16-27-44.879,0.979,0.131,-0.085,0.099,0.000,0.000,0.000,0.000,0.000,0.000,0.000,0.000,0.928,-0.094,-0.158,0.318,0.000,0.000,0.000,0.000,0.000,0.000,0.000,0.000,0.000,0.000,0.000,0.000,0.000,0.000,0.000,0.000,
16-27-44.899,0.979,0.136,-0.070,0.097,0.000,0.000,0.000,0.000,0.000,0.000,0.000,0.000,0.929,-0.111,-0.140,0.318,0.000,0.000,0.000,0.000,0.000,0.000,0.000,0.000,0.000,0.000,0.000,0.000,0.000,0.000,0.000,0.000,
16-27-44.919,0.979,0.143,-0.054,0.096,0.000,0.000,0.000,0.000,0.000,0.000,0.000,0.000,0.929,-0.124,-0.128,0.319,0.000,0.000,0.000,0.000,0.000,0.000,0.000,0.000,0.000,0.000,0.000,0.000,0.000,0.000,0.000,0.000,
16-27-44.939,0.979,0.149,-0.034,0.095,0.000,0.000,0.000,0.000,0.000,0.000,0.000,0.000,0.927,-0.140,-0.112,0.323,0.000,0.000,0.000,0.000,0.000,0.000,0.000,0.000,0.000,0.000,0.000,0.000,0.000,0.000,0.000,0.000,
16-27-44.959,0.979,0.154,-0.016,0.094,0.000,0.000,0.000,0.000,0.000,0.000,0.000,0.000,0.925,-0.159,-0.097,0.326,0.000,0.000,0.000,0.000,0.000,0.000,0.000,0.000,0.000,0.000,0.000,0.000,0.000,0.000,0.000,0.000,
16-27-44.979,0.979,0.160,0.002,0.092,0.000,0.000,0.000,0.000,0.000,0.000,0.000,0.000,0.922,-0.177,-0.081,0.329,0.000,0.000,0.000,0.000,0.000,0.000,0.000,0.000,0.000,0.000,0.000,0.000,0.000,0.000,0.000,0.000,
16-27-44.999,0.978,0.166,0.021,0.089,0.000,0.000,0.000,0.000,0.000,0.000,0.000,0.000,0.920,-0.185,-0.073,0.331,0.000,0.000,0.000,0.000,0.000,0.000,0.000,0.000,0.000,0.000,0.000,0.000,0.000,0.000,0.000,0.000,
16-27-45.019,0.976,0.172,0.041,0.086,0.000,0.000,0.000,0.000,0.000,0.000,0.000,0.000,0.916,-0.204,-0.050,0.335,0.000,0.000,0.000,0.000,0.000,0.000,0.000,0.000,0.000,0.000,0.000,0.000,0.000,0.000,0.000,0.000,
16-27-45.038,0.975,0.176,0.060,0.083,0.000,0.000,0.000,0.000,0.000,0.000,0.000,0.000,0.913,-0.216,-0.033,0.338,0.000,0.000,0.000,0.000,0.000,0.000,0.000,0.000,0.000,0.000,0.000,0.000,0.000,0.000,0.000,0.000,
16-27-45.060,0.973,0.181,0.078,0.081,0.000,0.000,0.000,0.000,0.000,0.000,0.000,0.000,0.911,-0.226,-0.015,0.340,0.000,0.000,0.000,0.000,0.000,0.000,0.000,0.000,0.000,0.000,0.000,0.000,0.000,0.000,0.000,0.000,
16-27-45.080,0.970,0.186,0.096,0.078,0.000,0.000,0.000,0.000,0.000,0.000,0.000,0.000,0.907,-0.237,0.002,0.341,0.000,0.000,0.000,0.000,0.000,0.000,0.000,0.000,0.000,0.000,0.000,0.000,0.000,0.000,0.000,0.000,
16-27-45.100,0.967,0.191,0.117,0.074,0.000,0.000,0.000,0.000,0.000,0.000,0.000,0.000,0.903,-0.253,0.019,0.341,0.000,0.000,0.000,0.000,0.000,0.000,0.000,0.000,0.000,0.000,0.000,0.000,0.000,0.000,0.000,0.000,
16-27-45.120,0.964,0.196,0.139,0.069,0.000,0.000,0.000,0.000,0.000,0.000,0.000,0.000,0.897,-0.271,0.036,0.342,0.000,0.000,0.000,0.000,0.000,0.000,0.000,0.000,0.000,0.000,0.000,0.000,0.000,0.000,0.000,0.000,
16-27-45.140,0.960,0.201,0.162,0.063,0.000,0.000,0.000,0.000,0.000,0.000,0.000,0.000,0.889,-0.288,0.057,0.346,0.000,0.000,0.000,0.000,0.000,0.000,0.000,0.000,0.000,0.000,0.000,0.000,0.000,0.000,0.000,0.000,
16-27-45.160,0.955,0.204,0.187,0.054,0.000,0.000,0.000,0.000,0.000,0.000,0.000,0.000,0.880,-0.304,0.080,0.351,0.000,0.000,0.000,0.000,0.000,0.000,0.000,0.000,0.000,0.000,0.000,0.000,0.000,0.000,0.000,0.000,
16-27-45.179,0.949,0.208,0.212,0.044,0.000,0.000,0.000,0.000,0.000,0.000,0.000,0.000,0.869,-0.321,0.103,0.357,0.000,0.000,0.000,0.000,0.000,0.000,0.000,0.000,0.000,0.000,0.000,0.000,0.000,0.000,0.000,0.000,
16-27-45.199,0.943,0.214,0.237,0.033,0.000,0.000,0.000,0.000,0.000,0.000,0.000,0.000,0.857,-0.339,0.125,0.362,0.000,0.000,0.000,0.000,0.000,0.000,0.000,0.000,0.000,0.000,0.000,0.000,0.000,0.000,0.000,0.000,
16-27-45.219,0.935,0.220,0.262,0.020,0.000,0.000,0.000,0.000,0.000,0.000,0.000,0.000,0.842,-0.360,0.146,0.370,0.000,0.000,0.000,0.000,0.000,0.000,0.000,0.000,0.000,0.000,0.000,0.000,0.000,0.000,0.000,0.000,
16-27-45.239,0.927,0.226,0.285,0.007,0.000,0.000,0.000,0.000,0.000,0.000,0.000,0.000,0.825,-0.378,0.167,0.379,0.000,0.000,0.000,0.000,0.000,0.000,0.000,0.000,0.000,0.000,0.000,0.000,0.000,0.000,0.000,0.000,
16-27-45.259,0.919,0.229,0.307,-0.006,0.000,0.000,0.000,0.000,0.000,0.000,0.000,0.000,0.809,-0.393,0.191,0.388,0.000,0.000,0.000,0.000,0.000,0.000,0.000,0.000,0.000,0.000,0.000,0.000,0.000,0.000,0.000,0.000,
16-27-45.279,0.912,0.233,0.325,-0.021,0.000,0.000,0.000,0.000,0.000,0.000,0.000,0.000,0.792,-0.405,0.216,0.397,0.000,0.000,0.000,0.000,0.000,0.000,0.000,0.000,0.000,0.000,0.000,0.000,0.000,0.000,0.000,0.000,
16-27-45.299,0.902,0.239,0.345,-0.037,0.000,0.000,0.000,0.000,0.000,0.000,0.000,0.000,0.774,-0.415,0.241,0.407,0.000,0.000,0.000,0.000,0.000,0.000,0.000,0.000,0.000,0.000,0.000,0.000,0.000,0.000,0.000,0.000,
16-27-45.319,0.891,0.245,0.367,-0.054,0.000,0.000,0.000,0.000,0.000,0.000,0.000,0.000,0.756,-0.424,0.264,0.418,0.000,0.000,0.000,0.000,0.000,0.000,0.000,0.000,0.000,0.000,0.000,0.000,0.000,0.000,0.000,0.000,
16-27-45.339,0.879,0.248,0.390,-0.069,0.000,0.000,0.000,0.000,0.000,0.000,0.000,0.000,0.736,-0.432,0.286,0.431,0.000,0.000,0.000,0.000,0.000,0.000,0.000,0.000,0.000,0.000,0.000,0.000,0.000,0.000,0.000,0.000,
16-27-45.359,0.873,0.249,0.402,-0.076,0.000,0.000,0.000,0.000,0.000,0.000,0.000,0.000,0.715,-0.440,0.308,0.443,0.000,0.000,0.000,0.000,0.000,0.000,0.000,0.000,0.000,0.000,0.000,0.000,0.000,0.000,0.000,0.000,
16-27-45.379,0.852,0.257,0.437,-0.100,0.000,0.000,0.000,0.000,0.000,0.000,0.000,0.000,0.694,-0.445,0.333,0.453,0.000,0.000,0.000,0.000,0.000,0.000,0.000,0.000,0.000,0.000,0.000,0.000,0.000,0.000,0.000,0.000,
16-27-45.399,0.835,0.265,0.459,-0.119,0.000,0.000,0.000,0.000,0.000,0.000,0.000,0.000,0.670,-0.452,0.358,0.464,0.000,0.000,0.000,0.000,0.000,0.000,0.000,0.000,0.000,0.000,0.000,0.000,0.000,0.000,0.000,0.000,
16-27-45.419,0.817,0.271,0.481,-0.139,0.000,0.000,0.000,0.000,0.000,0.000,0.000,0.000,0.644,-0.458,0.383,0.475,0.000,0.000,0.000,0.000,0.000,0.000,0.000,0.000,0.000,0.000,0.000,0.000,0.000,0.000,0.000,0.000,
16-27-45.439,0.800,0.271,0.503,-0.158,0.000,0.000,0.000,0.000,0.000,0.000,0.000,0.000,0.617,-0.461,0.407,0.487,0.000,0.000,0.000,0.000,0.000,0.000,0.000,0.000,0.000,0.000,0.000,0.000,0.000,0.000,0.000,0.000,
16-27-45.459,0.784,0.265,0.527,-0.174,0.000,0.000,0.000,0.000,0.000,0.000,0.000,0.000,0.596,-0.455,0.435,0.495,0.000,0.000,0.000,0.000,0.000,0.000,0.000,0.000,0.000,0.000,0.000,0.000,0.000,0.000,0.000,0.000,
16-27-45.481,0.765,0.254,0.553,-0.189,0.000,0.000,0.000,0.000,0.000,0.000,0.000,0.000,0.580,-0.436,0.470,0.498,0.000,0.000,0.000,0.000,0.000,0.000,0.000,0.000,0.000,0.000,0.000,0.000,0.000,0.000,0.000,0.000,
16-27-45.500,0.746,0.240,0.580,-0.203,0.000,0.000,0.000,0.000,0.000,0.000,0.000,0.000,0.565,-0.412,0.507,0.500,0.000,0.000,0.000,0.000,0.000,0.000,0.000,0.000,0.000,0.000,0.000,0.000,0.000,0.000,0.000,0.000,
16-27-45.520,0.726,0.224,0.606,-0.218,0.000,0.000,0.000,0.000,0.000,0.000,0.000,0.000,0.549,-0.390,0.544,0.496,0.000,0.000,0.000,0.000,0.000,0.000,0.000,0.000,0.000,0.000,0.000,0.000,0.000,0.000,0.000,0.000,
16-27-45.540,0.705,0.206,0.631,-0.233,0.000,0.000,0.000,0.000,0.000,0.000,0.000,0.000,0.532,-0.369,0.574,0.497,0.000,0.000,0.000,0.000,0.000,0.000,0.000,0.000,0.000,0.000,0.000,0.000,0.000,0.000,0.000,0.000,
16-27-45.559,0.681,0.189,0.655,-0.252,0.000,0.000,0.000,0.000,0.000,0.000,0.000,0.000,0.512,-0.355,0.595,0.503,0.000,0.000,0.000,0.000,0.000,0.000,0.000,0.000,0.000,0.000,0.000,0.000,0.000,0.000,0.000,0.000,
16-27-45.579,0.668,0.182,0.665,-0.263,0.000,0.000,0.000,0.000,0.000,0.000,0.000,0.000,0.485,-0.345,0.611,0.518,0.000,0.000,0.000,0.000,0.000,0.000,0.000,0.000,0.000,0.000,0.000,0.000,0.000,0.000,0.000,0.000,
16-27-45.599,0.625,0.173,0.691,-0.306,0.000,0.000,0.000,0.000,0.000,0.000,0.000,0.000,0.453,-0.336,0.629,0.531,0.000,0.000,0.000,0.000,0.000,0.000,0.000,0.000,0.000,0.000,0.000,0.000,0.000,0.000,0.000,0.000,
16-27-45.619,0.593,0.170,0.707,-0.334,0.000,0.000,0.000,0.000,0.000,0.000,0.000,0.000,0.427,-0.321,0.649,0.537,0.000,0.000,0.000,0.000,0.000,0.000,0.000,0.000,0.000,0.000,0.000,0.000,0.000,0.000,0.000,0.000,
16-27-45.639,0.562,0.165,0.720,-0.360,0.000,0.000,0.000,0.000,0.000,0.000,0.000,0.000,0.406,-0.307,0.665,0.544,0.000,0.000,0.000,0.000,0.000,0.000,0.000,0.000,0.000,0.000,0.000,0.000,0.000,0.000,0.000,0.000,
16-27-45.659,0.533,0.163,0.730,-0.385,0.000,0.000,0.000,0.000,0.000,0.000,0.000,0.000,0.386,-0.295,0.677,0.549,0.000,0.000,0.000,0.000,0.000,0.000,0.000,0.000,0.000,0.000,0.000,0.000,0.000,0.000,0.000,0.000,
16-27-45.679,0.510,0.155,0.738,-0.403,0.000,0.000,0.000,0.000,0.000,0.000,0.000,0.000,0.368,-0.283,0.689,0.552,0.000,0.000,0.000,0.000,0.000,0.000,0.000,0.000,0.000,0.000,0.000,0.000,0.000,0.000,0.000,0.000,
16-27-45.699,0.491,0.145,0.745,-0.418,0.000,0.000,0.000,0.000,0.000,0.000,0.000,0.000,0.352,-0.272,0.700,0.555,0.000,0.000,0.000,0.000,0.000,0.000,0.000,0.000,0.000,0.000,0.000,0.000,0.000,0.000,0.000,0.000,
16-27-45.719,0.476,0.135,0.749,-0.430,0.000,0.000,0.000,0.000,0.000,0.000,0.000,0.000,0.336,-0.264,0.707,0.560,0.000,0.000,0.000,0.000,0.000,0.000,0.000,0.000,0.000,0.000,0.000,0.000,0.000,0.000,0.000,0.000,
16-27-45.739,0.466,0.125,0.754,-0.436,0.000,0.000,0.000,0.000,0.000,0.000,0.000,0.000,0.323,-0.258,0.713,0.563,0.000,0.000,0.000,0.000,0.000,0.000,0.000,0.000,0.000,0.000,0.000,0.000,0.000,0.000,0.000,0.000,
16-27-45.759,0.458,0.117,0.757,-0.442,0.000,0.000,0.000,0.000,0.000,0.000,0.000,0.000,0.314,-0.252,0.718,0.564,0.000,0.000,0.000,0.000,0.000,0.000,0.000,0.000,0.000,0.000,0.000,0.000,0.000,0.000,0.000,0.000,
16-27-45.779,0.453,0.113,0.756,-0.449,0.000,0.000,0.000,0.000,0.000,0.000,0.000,0.000,0.306,-0.249,0.719,0.568,0.000,0.000,0.000,0.000,0.000,0.000,0.000,0.000,0.000,0.000,0.000,0.000,0.000,0.000,0.000,0.000,
16-27-45.800,0.449,0.111,0.755,-0.456,0.000,0.000,0.000,0.000,0.000,0.000,0.000,0.000,0.300,-0.250,0.719,0.571,0.000,0.000,0.000,0.000,0.000,0.000,0.000,0.000,0.000,0.000,0.000,0.000,0.000,0.000,0.000,0.000,
16-27-45.820,0.445,0.108,0.755,-0.460,0.000,0.000,0.000,0.000,0.000,0.000,0.000,0.000,0.296,-0.251,0.721,0.571,0.000,0.000,0.000,0.000,0.000,0.000,0.000,0.000,0.000,0.000,0.000,0.000,0.000,0.000,0.000,0.000,
16-27-45.840,0.440,0.104,0.756,-0.464,0.000,0.000,0.000,0.000,0.000,0.000,0.000,0.000,0.290,-0.251,0.724,0.570,0.000,0.000,0.000,0.000,0.000,0.000,0.000,0.000,0.000,0.000,0.000,0.000,0.000,0.000,0.000,0.000,
16-27-45.860,0.435,0.099,0.758,-0.468,0.000,0.000,0.000,0.000,0.000,0.000,0.000,0.000,0.282,-0.253,0.726,0.571,0.000,0.000,0.000,0.000,0.000,0.000,0.000,0.000,0.000,0.000,0.000,0.000,0.000,0.000,0.000,0.000,
16-27-45.880,0.429,0.093,0.758,-0.474,0.000,0.000,0.000,0.000,0.000,0.000,0.000,0.000,0.274,-0.255,0.728,0.571,0.000,0.000,0.000,0.000,0.000,0.000,0.000,0.000,0.000,0.000,0.000,0.000,0.000,0.000,0.000,0.000,
16-27-45.900,0.423,0.086,0.760,-0.478,0.000,0.000,0.000,0.000,0.000,0.000,0.000,0.000,0.266,-0.254,0.735,0.566,0.000,0.000,0.000,0.000,0.000,0.000,0.000,0.000,0.000,0.000,0.000,0.000,0.000,0.000,0.000,0.000,
16-27-45.920,0.415,0.076,0.763,-0.481,0.000,0.000,0.000,0.000,0.000,0.000,0.000,0.000,0.257,-0.252,0.742,0.562,0.000,0.000,0.000,0.000,0.000,0.000,0.000,0.000,0.000,0.000,0.000,0.000,0.000,0.000,0.000,0.000,
16-27-45.940,0.406,0.065,0.767,-0.484,0.000,0.000,0.000,0.000,0.000,0.000,0.000,0.000,0.252,-0.251,0.745,0.560,0.000,0.000,0.000,0.000,0.000,0.000,0.000,0.000,0.000,0.000,0.000,0.000,0.000,0.000,0.000,0.000,
16-27-45.960,0.396,0.054,0.771,-0.487,0.000,0.000,0.000,0.000,0.000,0.000,0.000,0.000,0.239,-0.242,0.755,0.556,0.000,0.000,0.000,0.000,0.000,0.000,0.000,0.000,0.000,0.000,0.000,0.000,0.000,0.000,0.000,0.000,
16-27-45.980,0.387,0.044,0.776,-0.489,0.000,0.000,0.000,0.000,0.000,0.000,0.000,0.000,0.234,-0.233,0.764,0.550,0.000,0.000,0.000,0.000,0.000,0.000,0.000,0.000,0.000,0.000,0.000,0.000,0.000,0.000,0.000,0.000,
16-27-46.000,0.377,0.034,0.779,-0.491,0.000,0.000,0.000,0.000,0.000,0.000,0.000,0.000,0.228,-0.223,0.775,0.542,0.000,0.000,0.000,0.000,0.000,0.000,0.000,0.000,0.000,0.000,0.000,0.000,0.000,0.000,0.000,0.000,
16-27-46.020,0.368,0.025,0.782,-0.494,0.000,0.000,0.000,0.000,0.000,0.000,0.000,0.000,0.221,-0.214,0.784,0.536,0.000,0.000,0.000,0.000,0.000,0.000,0.000,0.000,0.000,0.000,0.000,0.000,0.000,0.000,0.000,0.000,
16-27-46.038,0.361,0.017,0.784,-0.496,0.000,0.000,0.000,0.000,0.000,0.000,0.000,0.000,0.213,-0.208,0.791,0.531,0.000,0.000,0.000,0.000,0.000,0.000,0.000,0.000,0.000,0.000,0.000,0.000,0.000,0.000,0.000,0.000,
16-27-46.059,0.354,0.010,0.787,-0.497,0.000,0.000,0.000,0.000,0.000,0.000,0.000,0.000,0.206,-0.203,0.796,0.528,0.000,0.000,0.000,0.000,0.000,0.000,0.000,0.000,0.000,0.000,0.000,0.000,0.000,0.000,0.000,0.000,
16-27-46.079,0.349,0.002,0.790,-0.495,0.000,0.000,0.000,0.000,0.000,0.000,0.000,0.000,0.200,-0.199,0.801,0.524,0.000,0.000,0.000,0.000,0.000,0.000,0.000,0.000,0.000,0.000,0.000,0.000,0.000,0.000,0.000,0.000,
16-27-46.096,0.345,-0.006,0.794,-0.491,0.000,0.000,0.000,0.000,0.000,0.000,0.000,0.000,0.196,-0.197,0.805,0.520,0.000,0.000,0.000,0.000,0.000,0.000,0.000,0.000,0.000,0.000,0.000,0.000,0.000,0.000,0.000,0.000,
16-27-46.120,0.343,-0.013,0.798,-0.487,0.000,0.000,0.000,0.000,0.000,0.000,0.000,0.000,0.195,-0.195,0.808,0.517,0.000,0.000,0.000,0.000,0.000,0.000,0.000,0.000,0.000,0.000,0.000,0.000,0.000,0.000,0.000,0.000,
16-27-46.139,0.341,-0.018,0.801,-0.484,0.000,0.000,0.000,0.000,0.000,0.000,0.000,0.000,0.195,-0.193,0.810,0.514,0.000,0.000,0.000,0.000,0.000,0.000,0.000,0.000,0.000,0.000,0.000,0.000,0.000,0.000,0.000,0.000,
16-27-46.157,0.341,-0.021,0.803,-0.480,0.000,0.000,0.000,0.000,0.000,0.000,0.000,0.000,0.197,-0.191,0.811,0.512,0.000,0.000,0.000,0.000,0.000,0.000,0.000,0.000,0.000,0.000,0.000,0.000,0.000,0.000,0.000,0.000,
16-27-46.179,0.341,-0.022,0.804,-0.478,0.000,0.000,0.000,0.000,0.000,0.000,0.000,0.000,0.199,-0.189,0.812,0.511,0.000,0.000,0.000,0.000,0.000,0.000,0.000,0.000,0.000,0.000,0.000,0.000,0.000,0.000,0.000,0.000,
